Internal Trigger Threshold Offsets for channels 0 to 63 : 

-0.0052 0.020833 
0.0106 0.011458 
-0.0228 0.037500 
-0.0413 0.051042 
-0.0064 0.022917 
-0.0066 0.021875 
-0.0208 0.037500 
0.0082 0.004167 
0.0233 -0.004167 
0.0044 0.010417 
0.0056 0.006250 
0.0155 0.000000 
0.0318 -0.012500 
0.0318 -0.012500 
0.0114 0.002083 
0.0070 0.008333 
-0.0444 0.022917 
-0.0289 0.014583 
0.0031 -0.013542 
-0.0366 0.027083 
-0.0464 0.028125 
-0.0628 0.051042 
-0.0289 0.011458 
-0.0598 0.045833 
-0.0266 0.013542 
-0.0628 0.051042 
-0.0391 0.021875 
-0.0313 0.009375 
-0.0306 0.010417 
-0.0241 0.002083 
-0.0502 0.032292 
-0.0331 0.013542 
0.0056 0.022917 
0.0023 0.020833 
0.0009 0.021875 
-0.0158 0.029167 
-0.0118 0.029167 
0.0077 0.017708 
-0.0383 0.037500 
-0.0011 0.018750 
-0.0370 0.033333 
-0.0053 0.026042 
0.0064 0.021875 
-0.0233 0.017708 
-0.0232 0.040625 
-0.0023 0.017708 
0.0113 0.015625 
0.0035 0.016667 
-0.0053 0.009375 
0.0171 -0.002083 
-0.0429 0.047917 
-0.0183 0.029167 
-0.0073 0.017708 
0.0281 -0.005208 
-0.0053 0.017708 
-0.0484 0.044792 
-0.0314 0.039583 
-0.0055 0.016667 
-0.0283 0.029167 
-0.0083 0.017708 
0.0024 0.005208 
-0.0276 0.027083 
0.0276 -0.021875 
0.0141 -0.005208 
