Internal Trigger Threshold Offsets for channels 0 to 63 : 

0.0069 0.013542 
0.0278 0.015625 
-0.0122 0.032292 
-0.0041 0.035417 
0.0106 0.011458 
-0.0469 0.061458 
-0.0114 0.019792 
0.0106 0.011458 
-0.0174 0.036458 
0.0111 0.014583 
0.0249 -0.003125 
0.0130 0.008333 
0.0117 0.012500 
-0.0146 0.030208 
0.0326 -0.010417 
-0.0624 0.053125 
-0.0309 0.047917 
-0.0074 0.028125 
0.0322 0.001042 
0.0338 -0.001042 
0.0150 0.008333 
-0.0081 0.035417 
0.0034 0.027083 
-0.0479 0.053125 
-0.0256 0.038542 
0.0252 0.004167 
0.0032 0.020833 
-0.0249 0.031250 
0.0353 -0.009375 
0.0213 -0.001042 
-0.0314 0.028125 
-0.0331 0.035417 
-0.0129 0.031250 
0.0062 0.020833 
-0.0113 0.037500 
0.0071 0.019792 
-0.0069 0.028125 
-0.0141 0.038542 
0.0075 0.016667 
-0.0217 0.040625 
-0.0019 0.022917 
0.0013 0.015625 
0.0089 0.018750 
-0.0053 0.026042 
0.0084 0.013542 
0.0031 0.019792 
-0.0169 0.036458 
0.0107 0.012500 
-0.0208 0.034375 
0.0118 0.015625 
-0.0294 0.053125 
0.0208 0.007292 
0.0174 0.010417 
0.0131 0.014583 
0.0244 0.005208 
0.0074 0.021875 
-0.0409 0.069792 
0.0091 0.019792 
0.0161 0.011458 
0.0081 0.019792 
0.0203 0.004167 
0.0266 -0.002083 
-0.0158 0.037500 
0.0180 0.008333 
